mean:
  mask: 0.06486892700195315
  pressure_im: 0.0010585477817267562
  pressure_re: 7.424803941594361e-05
std:
  mask: 0.2462944362172408
  pressure_im: 0.1999191371711864
  pressure_re: 0.19962861570463183
