mean:
  A: 0.729227819893941
  B: 0.09658732411527585
std:
  A: 0.23988766176449572
  B: 0.12366442840472558
